client_id	data_Source_MYINFO	data_Source_O2O	platform_code_WEB	platform_code_NON_WEB	platform_code_RM_WEB	platform_code_RM_NON_WEB	User Currency_HKD	User Currency_INR	User Currency_SGD	User Currency_USD	kristal_Views at Time of Day(0-6)	kristal_Views at Time of Day(6-12)	kristal_Views at Time of Day(12-18)	kristal_Views at Time of Day(18-24)	Monday	Tuesday	Wednesday	Thursday	Friday	Saturday	Sunday	AdvisoryRun-(1-10 Times)	AdvisoryRun-(>=11 Times)	kyc_status
13949000	0	1	1	0	0	0	0	0	1	0	-0.139356397864917	-0.18544664439771352	-0.035757731329349035	-0.0813635196461024	-0.029832497143765693	-0.08899010706832344	-0.10799692700268525	-0.10065584563446912	-0.09260269824209634	-0.12407197012786705	-0.1256745436960748	0.0	0.0	-1
18087000	0	1	1	0	0	0	0	0	1	0	-0.139356397864917	-0.18544664439771352	-0.035757731329349035	-0.0813635196461024	-0.029832497143765693	-0.08899010706832344	-0.10799692700268525	-0.10065584563446912	-0.09260269824209634	-0.12407197012786705	-0.1256745436960748	0.0	0.0	-1
15449000	0	1	1	0	0	0	0	0	1	0	-0.139356397864917	-0.18544664439771352	-0.035757731329349035	-0.0813635196461024	-0.029832497143765693	-0.08899010706832344	-0.10799692700268525	-0.10065584563446912	-0.09260269824209634	-0.12407197012786705	-0.1256745436960748	0.0	0.0	-1
13861000	0	1	1	0	0	0	0	0	1	0	-0.139356397864917	-0.18544664439771352	-0.035757731329349035	-0.0813635196461024	-0.029832497143765693	-0.08899010706832344	-0.10799692700268525	-0.10065584563446912	-0.09260269824209634	-0.12407197012786705	-0.1256745436960748	0.0	0.0	-1
17517000	0	1	1	0	0	0	0	0	1	0	-0.139356397864917	-0.18544664439771352	-0.035757731329349035	-0.0813635196461024	-0.029832497143765693	-0.08899010706832344	-0.10799692700268525	-0.10065584563446912	-0.09260269824209634	-0.12407197012786705	-0.1256745436960748	0.0	0.0	-1
19129000	0	1	1	0	0	0	0	0	1	0	-0.139356397864917	-0.18544664439771352	-0.035757731329349035	-0.0813635196461024	-0.029832497143765693	-0.08899010706832344	-0.10799692700268525	-0.10065584563446912	-0.09260269824209634	-0.12407197012786705	-0.1256745436960748	0.0	0.0	-1
12347000	0	1	1	0	0	0	0	0	1	0	-0.139356397864917	-0.18544664439771352	-0.035757731329349035	-0.0813635196461024	-0.029832497143765693	-0.08899010706832344	-0.10799692700268525	-0.10065584563446912	-0.09260269824209634	-0.12407197012786705	-0.1256745436960748	0.0	0.0	-1
13029000	1	0	1	0	0	0	0	0	1	0	-0.139356397864917	-0.18544664439771352	-0.035757731329349035	-0.0813635196461024	-0.029832497143765693	-0.08899010706832344	-0.10799692700268525	-0.10065584563446912	-0.09260269824209634	-0.12407197012786705	-0.1256745436960748	0.0	0.0	-1
15172000	0	1	1	0	0	0	0	0	0	1	-0.139356397864917	0.14017113812058984	-0.035757731329349035	-0.0813635196461024	-0.029832497143765693	-0.08899010706832344	-0.10799692700268525	-0.10065584563446912	0.31565192187166585	-0.12407197012786705	-0.1256745436960748	0.0	0.0	-1
16387000	0	1	1	0	0	0	0	0	1	0	-0.139356397864917	-0.18544664439771352	-0.035757731329349035	-0.0813635196461024	-0.029832497143765693	-0.08899010706832344	-0.10799692700268525	-0.10065584563446912	-0.09260269824209634	-0.12407197012786705	-0.1256745436960748	0.0	0.0	-1
11068000	0	1	1	0	0	0	0	0	1	0	-0.139356397864917	-0.18544664439771352	-0.035757731329349035	-0.0813635196461024	-0.029832497143765693	-0.08899010706832344	-0.10799692700268525	-0.10065584563446912	-0.09260269824209634	-0.12407197012786705	-0.1256745436960748	0.0	0.0	-1
16289000	0	1	1	0	0	0	0	0	1	0	-0.139356397864917	-0.18544664439771352	-0.035757731329349035	-0.0813635196461024	-0.029832497143765693	-0.08899010706832344	-0.10799692700268525	-0.10065584563446912	-0.09260269824209634	-0.12407197012786705	-0.1256745436960748	0.0	0.0	-1
14063000	0	1	1	0	0	0	0	0	1	0	-0.139356397864917	-0.18544664439771352	-0.035757731329349035	-0.0813635196461024	-0.029832497143765693	-0.08899010706832344	-0.10799692700268525	-0.10065584563446912	-0.09260269824209634	-0.12407197012786705	-0.1256745436960748	0.0	0.0	-1
16560000	0	1	1	0	0	0	0	0	1	0	-0.139356397864917	-0.18544664439771352	-0.035757731329349035	-0.0813635196461024	-0.029832497143765693	-0.08899010706832344	-0.10799692700268525	-0.10065584563446912	-0.09260269824209634	-0.12407197012786705	-0.1256745436960748	0.0	0.0	-1
16176000	0	1	1	0	0	0	0	0	1	0	-0.139356397864917	-0.18544664439771352	-0.035757731329349035	-0.0813635196461024	-0.029832497143765693	-0.08899010706832344	-0.10799692700268525	-0.10065584563446912	-0.09260269824209634	-0.12407197012786705	-0.1256745436960748	0.0	0.0	-1
14458000	0	1	1	0	0	0	0	0	1	0	-0.139356397864917	-0.18544664439771352	-0.035757731329349035	-0.0813635196461024	-0.029832497143765693	-0.08899010706832344	-0.10799692700268525	-0.10065584563446912	-0.09260269824209634	-0.12407197012786705	-0.1256745436960748	0.0	0.0	-1
13977000	0	1	1	0	0	0	0	0	1	0	-0.139356397864917	-0.18544664439771352	-0.035757731329349035	-0.0813635196461024	-0.029832497143765693	-0.08899010706832344	-0.10799692700268525	-0.10065584563446912	-0.09260269824209634	-0.12407197012786705	-0.1256745436960748	0.0	0.0	-1
17313000	1	0	1	0	0	0	0	0	1	0	-0.139356397864917	-0.18544664439771352	-0.035757731329349035	-0.0813635196461024	-0.029832497143765693	-0.08899010706832344	-0.10799692700268525	-0.10065584563446912	-0.09260269824209634	-0.12407197012786705	-0.1256745436960748	0.0	0.0	-1
15693000	0	1	1	0	0	0	0	0	1	0	-0.139356397864917	-0.18544664439771352	-0.035757731329349035	-0.0813635196461024	-0.029832497143765693	-0.08899010706832344	-0.10799692700268525	-0.10065584563446912	-0.09260269824209634	-0.12407197012786705	-0.1256745436960748	0.0	0.0	-1
16403000	0	1	1	0	0	0	0	0	1	0	-0.139356397864917	-0.18544664439771352	-0.035757731329349035	-0.0813635196461024	-0.029832497143765693	-0.08899010706832344	-0.10799692700268525	-0.10065584563446912	-0.09260269824209634	-0.12407197012786705	-0.1256745436960748	0.0	0.0	-1
18987000	0	1	1	0	0	0	0	0	1	0	-0.139356397864917	-0.18544664439771352	-0.035757731329349035	-0.0813635196461024	-0.029832497143765693	-0.08899010706832344	-0.10799692700268525	-0.10065584563446912	-0.09260269824209634	-0.12407197012786705	-0.1256745436960748	0.0	0.0	-1
15253000	0	1	1	0	0	0	0	0	1	0	-0.139356397864917	-0.18544664439771352	-0.035757731329349035	-0.0813635196461024	-0.029832497143765693	-0.08899010706832344	-0.10799692700268525	-0.10065584563446912	-0.09260269824209634	-0.12407197012786705	-0.1256745436960748	0.0	0.0	-1
18609000	0	1	1	0	0	0	0	0	1	0	-0.139356397864917	-0.18544664439771352	-0.035757731329349035	-0.0813635196461024	-0.029832497143765693	-0.08899010706832344	-0.10799692700268525	-0.10065584563446912	-0.09260269824209634	-0.12407197012786705	-0.1256745436960748	0.0	0.0	-1
18449000	1	0	1	0	0	0	0	0	1	0	-0.139356397864917	-0.18544664439771352	-0.035757731329349035	-0.0813635196461024	-0.029832497143765693	-0.08899010706832344	-0.10799692700268525	-0.10065584563446912	-0.09260269824209634	-0.12407197012786705	-0.1256745436960748	0.0	0.0	-1
11681000	0	1	1	0	0	0	0	0	1	0	-0.139356397864917	-0.18544664439771352	-0.035757731329349035	-0.0813635196461024	-0.029832497143765693	-0.08899010706832344	-0.10799692700268525	-0.10065584563446912	-0.09260269824209634	-0.12407197012786705	-0.1256745436960748	0.0	0.0	-1
19576000	0	1	1	0	0	0	0	0	1	0	-0.139356397864917	-0.18544664439771352	-0.035757731329349035	-0.0813635196461024	-0.029832497143765693	-0.08899010706832344	-0.10799692700268525	-0.10065584563446912	-0.09260269824209634	-0.12407197012786705	-0.1256745436960748	0.0	0.0	-1
10079000	0	1	1	0	0	0	0	0	1	0	-0.139356397864917	-0.18544664439771352	-0.035757731329349035	-0.0813635196461024	-0.029832497143765693	-0.08899010706832344	-0.10799692700268525	-0.10065584563446912	-0.09260269824209634	-0.12407197012786705	-0.1256745436960748	0.0	0.0	-1
14841000	0	1	1	0	0	0	0	0	1	0	-0.139356397864917	-0.18544664439771352	-0.035757731329349035	-0.0813635196461024	-0.029832497143765693	-0.08899010706832344	-0.10799692700268525	-0.10065584563446912	-0.09260269824209634	-0.12407197012786705	-0.1256745436960748	0.0	0.0	-1
13827000	0	1	1	0	0	0	0	0	1	0	-0.139356397864917	-0.18544664439771352	-0.035757731329349035	-0.0813635196461024	-0.029832497143765693	-0.08899010706832344	-0.10799692700268525	-0.10065584563446912	-0.09260269824209634	-0.12407197012786705	-0.1256745436960748	0.0	0.0	-1
13777000	0	1	1	0	0	0	0	0	1	0	-0.139356397864917	-0.18544664439771352	-0.035757731329349035	-0.0813635196461024	-0.029832497143765693	-0.08899010706832344	-0.10799692700268525	-0.10065584563446912	-0.09260269824209634	-0.12407197012786705	-0.1256745436960748	0.0	0.0	-1
19838000	0	1	1	0	0	0	0	0	1	0	-0.139356397864917	-0.18544664439771352	-0.035757731329349035	-0.0813635196461024	-0.029832497143765693	-0.08899010706832344	-0.10799692700268525	-0.10065584563446912	-0.09260269824209634	-0.12407197012786705	-0.1256745436960748	0.0	0.0	-1
11473000	0	1	1	0	0	0	0	0	1	0	-0.139356397864917	-0.18544664439771352	-0.035757731329349035	-0.0813635196461024	-0.029832497143765693	-0.08899010706832344	-0.10799692700268525	-0.10065584563446912	-0.09260269824209634	-0.12407197012786705	-0.1256745436960748	0.0	0.0	-1
10717000	0	1	1	0	0	0	0	0	1	0	-0.139356397864917	-0.18544664439771352	-0.035757731329349035	-0.0813635196461024	-0.029832497143765693	-0.08899010706832344	-0.10799692700268525	-0.10065584563446912	-0.09260269824209634	-0.12407197012786705	-0.1256745436960748	0.0	0.0	-1
15593000	0	1	1	0	0	0	0	0	1	0	-0.139356397864917	-0.18544664439771352	-0.035757731329349035	-0.0813635196461024	-0.029832497143765693	-0.08899010706832344	-0.10799692700268525	-0.10065584563446912	-0.09260269824209634	-0.12407197012786705	-0.1256745436960748	0.0	0.0	-1
11229000	0	1	1	0	0	0	0	0	1	0	-0.139356397864917	-0.18544664439771352	-0.035757731329349035	-0.0813635196461024	-0.029832497143765693	-0.08899010706832344	-0.10799692700268525	-0.10065584563446912	-0.09260269824209634	-0.12407197012786705	-0.1256745436960748	0.0	0.0	-1
19567000	0	1	1	0	0	0	0	0	1	0	-0.139356397864917	-0.18544664439771352	-0.035757731329349035	-0.0813635196461024	-0.029832497143765693	-0.08899010706832344	-0.10799692700268525	-0.10065584563446912	-0.09260269824209634	-0.12407197012786705	-0.1256745436960748	0.0	0.0	-1
13013000	0	1	1	0	0	0	0	0	1	0	-0.139356397864917	-0.18544664439771352	-0.035757731329349035	-0.0813635196461024	-0.029832497143765693	-0.08899010706832344	-0.10799692700268525	-0.10065584563446912	-0.09260269824209634	-0.12407197012786705	-0.1256745436960748	0.0	0.0	-1
14091000	0	1	1	0	0	0	0	0	1	0	0.3567523785341875	-0.18544664439771352	-0.035757731329349035	-0.0813635196461024	-0.029832497143765693	-0.08899010706832344	0.41867301838027293	-0.10065584563446912	-0.09260269824209634	-0.12407197012786705	-0.1256745436960748	0.0	0.0	-1
13050000	0	1	1	0	0	0	0	0	0	1	-0.139356397864917	-0.18544664439771352	-0.035757731329349035	-0.0813635196461024	-0.029832497143765693	-0.08899010706832344	-0.10799692700268525	-0.10065584563446912	-0.09260269824209634	-0.12407197012786705	-0.1256745436960748	0.0	0.0	-1
12538000	0	1	1	0	0	0	0	0	1	0	-0.139356397864917	-0.18544664439771352	-0.035757731329349035	-0.0813635196461024	-0.029832497143765693	-0.08899010706832344	-0.10799692700268525	-0.10065584563446912	-0.09260269824209634	-0.12407197012786705	-0.1256745436960748	0.0	0.0	-1
19589000	0	1	1	0	0	0	0	0	1	0	-0.139356397864917	-0.18544664439771352	-0.035757731329349035	-0.0813635196461024	-0.029832497143765693	-0.08899010706832344	-0.10799692700268525	-0.10065584563446912	-0.09260269824209634	-0.12407197012786705	-0.1256745436960748	0.0	0.0	-1
19227000	0	1	1	0	0	0	0	0	1	0	-0.139356397864917	-0.18544664439771352	-0.035757731329349035	-0.0813635196461024	-0.029832497143765693	-0.08899010706832344	-0.10799692700268525	-0.10065584563446912	-0.09260269824209634	-0.12407197012786705	-0.1256745436960748	0.0	0.0	-1
17421000	0	1	1	0	0	0	0	0	1	0	-0.139356397864917	-0.18544664439771352	-0.035757731329349035	-0.0813635196461024	-0.029832497143765693	-0.08899010706832344	-0.10799692700268525	-0.10065584563446912	-0.09260269824209634	-0.12407197012786705	-0.1256745436960748	0.0	0.0	-1
10449000	0	1	1	0	0	0	0	0	1	0	-0.139356397864917	-0.18544664439771352	-0.035757731329349035	-0.0813635196461024	-0.029832497143765693	-0.08899010706832344	-0.10799692700268525	-0.10065584563446912	-0.09260269824209634	-0.12407197012786705	-0.1256745436960748	0.0	0.0	-1
17777000	0	1	1	0	0	0	0	0	1	0	-0.139356397864917	-0.18544664439771352	-0.035757731329349035	-0.0813635196461024	-0.029832497143765693	-0.08899010706832344	-0.10799692700268525	-0.10065584563446912	-0.09260269824209634	-0.12407197012786705	-0.1256745436960748	0.0	0.0	-1
18442000	0	1	1	0	0	0	0	0	0	1	-0.139356397864917	-0.18544664439771352	-0.02173431920789681	-0.0813635196461024	-0.029832497143765693	0.3820950693825783	-0.10799692700268525	-0.10065584563446912	-0.09260269824209634	-0.12407197012786705	-0.1256745436960748	0.0	0.0	-1
18456000	0	1	1	0	0	0	0	0	1	0	-0.139356397864917	-0.18544664439771352	-0.035757731329349035	-0.0813635196461024	-0.029832497143765693	-0.08899010706832344	-0.10799692700268525	-0.10065584563446912	-0.09260269824209634	-0.12407197012786705	-0.1256745436960748	0.0	0.0	-1
14146000	0	1	1	0	0	0	0	0	1	0	-0.139356397864917	-0.18544664439771352	-0.035757731329349035	-0.0813635196461024	-0.029832497143765693	-0.08899010706832344	-0.10799692700268525	-0.10065584563446912	-0.09260269824209634	-0.12407197012786705	-0.1256745436960748	0.0	0.0	-1
14593000	0	1	1	0	0	0	0	0	1	0	-0.139356397864917	-0.18544664439771352	-0.035757731329349035	-0.0813635196461024	-0.029832497143765693	-0.08899010706832344	-0.10799692700268525	-0.10065584563446912	-0.09260269824209634	-0.12407197012786705	-0.1256745436960748	0.0	0.0	-1
15963000	0	1	1	0	0	0	0	0	1	0	-0.139356397864917	-0.18544664439771352	-0.035757731329349035	-0.0813635196461024	-0.029832497143765693	-0.08899010706832344	-0.10799692700268525	-0.10065584563446912	-0.09260269824209634	-0.12407197012786705	-0.1256745436960748	0.0	0.0	-1
16193000	0	1	1	0	0	0	0	0	1	0	-0.139356397864917	-0.18544664439771352	-0.035757731329349035	-0.0813635196461024	-0.029832497143765693	-0.08899010706832344	-0.10799692700268525	-0.10065584563446912	-0.09260269824209634	-0.12407197012786705	-0.1256745436960748	0.0	0.0	-1
13131000	0	1	1	0	0	0	0	0	1	0	-0.139356397864917	-0.18544664439771352	-0.035757731329349035	-0.0813635196461024	-0.029832497143765693	-0.08899010706832344	-0.10799692700268525	-0.10065584563446912	-0.09260269824209634	-0.12407197012786705	-0.1256745436960748	0.0	0.0	-1
11449000	0	1	1	0	0	0	0	0	1	0	-0.139356397864917	-0.18544664439771352	-0.035757731329349035	-0.0813635196461024	-0.029832497143765693	-0.08899010706832344	-0.10799692700268525	-0.10065584563446912	-0.09260269824209634	-0.12407197012786705	-0.1256745436960748	0.0	0.0	-1
13278000	0	1	1	0	0	0	0	0	1	0	-0.139356397864917	-0.18544664439771352	-0.035757731329349035	-0.0813635196461024	-0.029832497143765693	-0.08899010706832344	-0.10799692700268525	-0.10065584563446912	-0.09260269824209634	-0.12407197012786705	-0.1256745436960748	0.0	0.0	-1
16596000	0	1	1	0	0	0	0	0	1	0	-0.139356397864917	-0.18544664439771352	-0.035757731329349035	-0.0813635196461024	-0.029832497143765693	-0.08899010706832344	-0.10799692700268525	-0.10065584563446912	-0.09260269824209634	-0.12407197012786705	-0.1256745436960748	0.0	0.0	-1
16996000	0	1	1	0	0	0	0	0	1	0	-0.139356397864917	-0.18544664439771352	-0.035757731329349035	-0.0813635196461024	-0.029832497143765693	-0.08899010706832344	-0.10799692700268525	-0.10065584563446912	-0.09260269824209634	-0.12407197012786705	-0.1256745436960748	0.0	0.0	-1
15873000	0	1	1	0	0	0	0	0	1	0	-0.139356397864917	-0.18544664439771352	-0.035757731329349035	-0.0813635196461024	-0.029832497143765693	-0.08899010706832344	-0.10799692700268525	-0.10065584563446912	-0.09260269824209634	-0.12407197012786705	-0.1256745436960748	0.0	0.0	-1
12897000	0	1	1	0	0	0	0	0	1	0	-0.139356397864917	-0.18544664439771352	-0.035757731329349035	-0.0813635196461024	-0.029832497143765693	-0.08899010706832344	-0.10799692700268525	-0.10065584563446912	-0.09260269824209634	-0.12407197012786705	-0.1256745436960748	0.0	0.0	-1
18973000	0	1	1	0	0	0	0	0	1	0	-0.139356397864917	-0.18544664439771352	-0.035757731329349035	-0.0813635196461024	-0.029832497143765693	-0.08899010706832344	-0.10799692700268525	-0.10065584563446912	-0.09260269824209634	-0.12407197012786705	-0.1256745436960748	0.0	0.0	-1
13556000	0	1	1	0	0	0	0	0	1	0	-0.139356397864917	-0.18544664439771352	-0.035757731329349035	-0.0813635196461024	-0.029832497143765693	-0.08899010706832344	-0.10799692700268525	-0.10065584563446912	-0.09260269824209634	-0.12407197012786705	-0.1256745436960748	0.0	0.0	-1
12303000	0	1	1	0	0	0	0	0	1	0	-0.139356397864917	-0.18544664439771352	-0.035757731329349035	-0.0813635196461024	-0.029832497143765693	-0.08899010706832344	-0.10799692700268525	-0.10065584563446912	-0.09260269824209634	-0.12407197012786705	-0.1256745436960748	0.0	0.0	-1
12028000	0	1	1	0	0	0	0	0	1	0	-0.139356397864917	-0.18544664439771352	-0.035757731329349035	-0.0813635196461024	-0.029832497143765693	-0.08899010706832344	-0.10799692700268525	-0.10065584563446912	-0.09260269824209634	-0.12407197012786705	-0.1256745436960748	0.0	0.0	-1
18452000	0	1	0	1	0	0	0	0	0	1	-0.139356397864917	-0.18544664439771352	0.020335917156459864	-0.0813635196461024	0.026304240131057362	-0.08899010706832344	-0.10799692700268525	-0.10065584563446912	-0.09260269824209634	-0.12407197012786705	-0.1256745436960748	0.0	0.0	-1
12277000	0	1	1	0	0	0	0	0	1	0	-0.139356397864917	-0.18544664439771352	-0.035757731329349035	-0.0813635196461024	-0.029832497143765693	-0.08899010706832344	-0.10799692700268525	-0.10065584563446912	-0.09260269824209634	-0.12407197012786705	-0.1256745436960748	0.0	0.0	-1
19758000	1	0	1	0	0	0	0	0	1	0	-0.139356397864917	-0.18544664439771352	-0.035757731329349035	-0.0813635196461024	-0.029832497143765693	-0.08899010706832344	-0.10799692700268525	-0.10065584563446912	-0.09260269824209634	-0.12407197012786705	-0.1256745436960748	0.0	0.0	-1
14318000	0	1	1	0	0	0	0	0	1	0	-0.139356397864917	-0.18544664439771352	-0.035757731329349035	-0.0813635196461024	-0.029832497143765693	-0.08899010706832344	-0.10799692700268525	-0.10065584563446912	-0.09260269824209634	-0.12407197012786705	-0.1256745436960748	0.0	0.0	-1
10857000	0	1	0	1	0	0	0	0	1	0	-0.139356397864917	-0.18544664439771352	-0.035757731329349035	-0.0813635196461024	-0.029832497143765693	-0.08899010706832344	-0.10799692700268525	-0.10065584563446912	-0.09260269824209634	-0.12407197012786705	-0.1256745436960748	0.0	0.0	-1
14638000	0	1	1	0	0	0	0	0	1	0	-0.139356397864917	-0.18544664439771352	-0.035757731329349035	-0.0813635196461024	-0.029832497143765693	-0.08899010706832344	-0.10799692700268525	-0.10065584563446912	-0.09260269824209634	-0.12407197012786705	-0.1256745436960748	0.0	0.0	-1
17251000	0	1	1	0	0	0	0	0	1	0	-0.139356397864917	-0.18544664439771352	-0.035757731329349035	-0.0813635196461024	-0.029832497143765693	-0.08899010706832344	-0.10799692700268525	-0.10065584563446912	-0.09260269824209634	-0.12407197012786705	-0.1256745436960748	0.0	0.0	-1
12373000	0	1	1	0	0	0	0	0	1	0	-0.139356397864917	-0.18544664439771352	-0.035757731329349035	-0.0813635196461024	-0.029832497143765693	-0.08899010706832344	-0.10799692700268525	-0.10065584563446912	-0.09260269824209634	-0.12407197012786705	-0.1256745436960748	0.0	0.0	-1
12057000	0	1	1	0	0	0	0	0	1	0	-0.139356397864917	-0.18544664439771352	-0.035757731329349035	-0.0813635196461024	-0.029832497143765693	-0.08899010706832344	-0.10799692700268525	-0.10065584563446912	-0.09260269824209634	-0.12407197012786705	-0.1256745436960748	0.0	0.0	-1
17019000	0	1	1	0	0	0	0	0	1	0	-0.139356397864917	-0.18544664439771352	-0.035757731329349035	-0.0813635196461024	-0.029832497143765693	-0.08899010706832344	-0.10799692700268525	-0.10065584563446912	-0.09260269824209634	-0.12407197012786705	-0.1256745436960748	0.0	0.0	-1
18409000	1	0	1	0	0	0	0	0	1	0	-0.139356397864917	-0.18544664439771352	-0.035757731329349035	-0.0813635196461024	-0.029832497143765693	-0.08899010706832344	-0.10799692700268525	-0.10065584563446912	-0.09260269824209634	-0.12407197012786705	-0.1256745436960748	0.0	0.0	-1
11531000	0	1	1	0	0	0	0	0	1	0	-0.139356397864917	-0.18544664439771352	-0.035757731329349035	-0.0813635196461024	-0.029832497143765693	-0.08899010706832344	-0.10799692700268525	-0.10065584563446912	-0.09260269824209634	-0.12407197012786705	-0.1256745436960748	0.0	0.0	-1
19009000	0	1	1	0	0	0	0	0	1	0	-0.139356397864917	-0.18544664439771352	-0.035757731329349035	-0.0813635196461024	-0.029832497143765693	-0.08899010706832344	-0.10799692700268525	-0.10065584563446912	-0.09260269824209634	-0.12407197012786705	-0.1256745436960748	0.0	0.0	-1
10478000	0	1	1	0	0	0	0	0	1	0	-0.139356397864917	-0.18544664439771352	-0.035757731329349035	-0.0813635196461024	-0.029832497143765693	-0.08899010706832344	-0.10799692700268525	-0.10065584563446912	-0.09260269824209634	-0.12407197012786705	-0.1256745436960748	0.0	0.0	-1
18677000	0	1	1	0	0	0	0	0	1	0	-0.139356397864917	-0.18544664439771352	-0.035757731329349035	-0.0813635196461024	-0.029832497143765693	-0.08899010706832344	-0.10799692700268525	-0.10065584563446912	-0.09260269824209634	-0.12407197012786705	-0.1256745436960748	0.0	0.0	-1
14176000	0	1	1	0	0	0	0	0	1	0	-0.139356397864917	-0.18544664439771352	-0.035757731329349035	-0.0813635196461024	-0.029832497143765693	-0.08899010706832344	-0.10799692700268525	-0.10065584563446912	-0.09260269824209634	-0.12407197012786705	-0.1256745436960748	0.0	0.0	-1
12721000	1	0	1	0	0	0	0	0	1	0	-0.139356397864917	-0.18544664439771352	-0.035757731329349035	-0.0813635196461024	-0.029832497143765693	-0.08899010706832344	-0.10799692700268525	-0.10065584563446912	-0.09260269824209634	-0.12407197012786705	-0.1256745436960748	0.0	0.0	-1
13726000	0	1	1	0	0	0	0	0	1	0	-0.139356397864917	-0.18544664439771352	-0.035757731329349035	-0.0813635196461024	-0.029832497143765693	-0.08899010706832344	-0.10799692700268525	-0.10065584563446912	-0.09260269824209634	-0.12407197012786705	-0.1256745436960748	0.0	0.0	-1
14538000	0	1	0	1	0	0	0	0	1	0	-0.139356397864917	-0.18544664439771352	-0.035757731329349035	-0.0813635196461024	-0.029832497143765693	-0.08899010706832344	-0.10799692700268525	-0.10065584563446912	-0.09260269824209634	-0.12407197012786705	-0.1256745436960748	0.0	0.0	-1
13037000	0	1	1	0	0	0	0	0	1	0	-0.139356397864917	-0.18544664439771352	-0.035757731329349035	-0.0813635196461024	-0.029832497143765693	-0.08899010706832344	-0.10799692700268525	-0.10065584563446912	-0.09260269824209634	-0.12407197012786705	-0.1256745436960748	0.0	0.0	-1
11087000	0	1	1	0	0	0	0	0	1	0	-0.139356397864917	-0.18544664439771352	-0.035757731329349035	-0.0813635196461024	-0.029832497143765693	-0.08899010706832344	-0.10799692700268525	-0.10065584563446912	-0.09260269824209634	-0.12407197012786705	-0.1256745436960748	0.0	0.0	-1
14449000	1	0	1	0	0	0	0	0	1	0	-0.139356397864917	-0.18544664439771352	-0.035757731329349035	-0.0813635196461024	-0.029832497143765693	-0.08899010706832344	-0.10799692700268525	-0.10065584563446912	-0.09260269824209634	-0.12407197012786705	-0.1256745436960748	0.0	0.0	-1
12256000	0	1	1	0	0	0	0	0	1	0	-0.139356397864917	-0.18544664439771352	-0.035757731329349035	-0.0813635196461024	-0.029832497143765693	-0.08899010706832344	-0.10799692700268525	-0.10065584563446912	-0.09260269824209634	-0.12407197012786705	-0.1256745436960748	0.0	0.0	-1
15223000	0	1	1	0	0	0	0	0	1	0	-0.139356397864917	-0.18544664439771352	-0.035757731329349035	-0.0813635196461024	-0.029832497143765693	-0.08899010706832344	-0.10799692700268525	-0.10065584563446912	-0.09260269824209634	-0.12407197012786705	-0.1256745436960748	0.0	0.0	-1
17166000	0	1	1	0	0	0	0	0	1	0	-0.139356397864917	-0.18544664439771352	-0.035757731329349035	-0.0813635196461024	-0.029832497143765693	-0.08899010706832344	-0.10799692700268525	-0.10065584563446912	-0.09260269824209634	-0.12407197012786705	-0.1256745436960748	0.0	0.0	-1
17511000	0	1	1	0	0	0	0	0	1	0	-0.139356397864917	-0.18544664439771352	-0.035757731329349035	-0.0813635196461024	-0.029832497143765693	-0.08899010706832344	-0.10799692700268525	-0.10065584563446912	-0.09260269824209634	-0.12407197012786705	-0.1256745436960748	0.0	0.0	-1
18228000	1	0	1	0	0	0	0	0	1	0	-0.139356397864917	-0.18544664439771352	-0.035757731329349035	-0.0813635196461024	-0.029832497143765693	-0.08899010706832344	-0.10799692700268525	-0.10065584563446912	-0.09260269824209634	-0.12407197012786705	-0.1256745436960748	0.0	0.0	-1
10109000	1	0	1	0	0	0	0	0	1	0	-0.139356397864917	-0.18544664439771352	-0.035757731329349035	-0.0813635196461024	-0.029832497143765693	-0.08899010706832344	-0.10799692700268525	-0.10065584563446912	-0.09260269824209634	-0.12407197012786705	-0.1256745436960748	0.0	0.0	-1
12615000	0	1	1	0	0	0	0	0	1	0	-0.139356397864917	-0.18544664439771352	-0.035757731329349035	-0.0813635196461024	-0.029832497143765693	-0.08899010706832344	-0.10799692700268525	-0.10065584563446912	-0.09260269824209634	-0.12407197012786705	-0.1256745436960748	0.0	0.0	-1
16476000	0	1	1	0	0	0	0	0	1	0	-0.139356397864917	-0.18544664439771352	-0.035757731329349035	-0.0813635196461024	-0.029832497143765693	-0.08899010706832344	-0.10799692700268525	-0.10065584563446912	-0.09260269824209634	-0.12407197012786705	-0.1256745436960748	0.0	0.0	-1
13251000	0	1	1	0	0	0	0	0	1	0	-0.139356397864917	-0.18544664439771352	-0.035757731329349035	-0.0813635196461024	-0.029832497143765693	-0.08899010706832344	-0.10799692700268525	-0.10065584563446912	-0.09260269824209634	-0.12407197012786705	-0.1256745436960748	0.0	0.0	-1
16236000	0	1	1	0	0	0	0	0	1	0	-0.139356397864917	-0.18544664439771352	-0.035757731329349035	-0.0813635196461024	-0.029832497143765693	-0.08899010706832344	-0.10799692700268525	-0.10065584563446912	-0.09260269824209634	-0.12407197012786705	-0.1256745436960748	0.0	0.0	-1
19166000	0	1	1	0	0	0	0	0	1	0	-0.139356397864917	-0.18544664439771352	-0.035757731329349035	-0.0813635196461024	-0.029832497143765693	-0.08899010706832344	-0.10799692700268525	-0.10065584563446912	-0.09260269824209634	-0.12407197012786705	-0.1256745436960748	0.0	0.0	-1
17976000	0	1	1	0	0	0	0	0	1	0	-0.139356397864917	-0.18544664439771352	-0.035757731329349035	-0.0813635196461024	-0.029832497143765693	-0.08899010706832344	-0.10799692700268525	-0.10065584563446912	-0.09260269824209634	-0.12407197012786705	-0.1256745436960748	0.0	0.0	-1
11749000	1	0	1	0	0	0	0	0	1	0	-0.139356397864917	-0.18544664439771352	-0.035757731329349035	-0.0813635196461024	-0.029832497143765693	-0.08899010706832344	-0.10799692700268525	-0.10065584563446912	-0.09260269824209634	-0.12407197012786705	-0.1256745436960748	0.0	0.0	-1
13813000	0	1	1	0	0	0	0	0	1	0	-0.139356397864917	-0.18544664439771352	-0.035757731329349035	-0.0813635196461024	-0.029832497143765693	-0.08899010706832344	-0.10799692700268525	-0.10065584563446912	-0.09260269824209634	-0.12407197012786705	-0.1256745436960748	0.0	0.0	-1
17503000	0	1	1	0	0	0	0	0	1	0	-0.139356397864917	-0.18544664439771352	-0.035757731329349035	-0.0813635196461024	-0.029832497143765693	-0.08899010706832344	-0.10799692700268525	-0.10065584563446912	-0.09260269824209634	-0.12407197012786705	-0.1256745436960748	0.0	0.0	-1
11557000	1	0	1	0	0	0	0	0	1	0	-0.139356397864917	-0.18544664439771352	-0.035757731329349035	-0.0813635196461024	-0.029832497143765693	-0.08899010706832344	-0.10799692700268525	-0.10065584563446912	-0.09260269824209634	-0.12407197012786705	-0.1256745436960748	0.0	0.0	-1
16969000	0	1	1	0	0	0	0	0	1	0	-0.139356397864917	-0.18544664439771352	-0.035757731329349035	-0.0813635196461024	-0.029832497143765693	-0.08899010706832344	-0.10799692700268525	-0.10065584563446912	-0.09260269824209634	-0.12407197012786705	-0.1256745436960748	0.0	0.0	-1
19998000	0	1	1	0	0	0	0	0	1	0	-0.139356397864917	-0.18544664439771352	-0.035757731329349035	-0.0813635196461024	-0.029832497143765693	-0.08899010706832344	-0.10799692700268525	-0.10065584563446912	-0.09260269824209634	-0.12407197012786705	-0.1256745436960748	0.0	0.0	-1
10551000	0	1	1	0	0	0	0	0	1	0	-0.139356397864917	-0.18544664439771352	-0.035757731329349035	-0.0813635196461024	-0.029832497143765693	-0.08899010706832344	-0.10799692700268525	-0.10065584563446912	-0.09260269824209634	-0.12407197012786705	-0.1256745436960748	0.0	0.0	-1
13417000	0	1	1	0	0	0	0	0	1	0	-0.139356397864917	-0.18544664439771352	-0.035757731329349035	-0.0813635196461024	-0.029832497143765693	-0.08899010706832344	-0.10799692700268525	-0.10065584563446912	-0.09260269824209634	-0.12407197012786705	-0.1256745436960748	0.0	0.0	-1
18693000	0	1	1	0	0	0	0	0	1	0	-0.139356397864917	-0.18544664439771352	-0.035757731329349035	-0.0813635196461024	-0.029832497143765693	-0.08899010706832344	-0.10799692700268525	-0.10065584563446912	-0.09260269824209634	-0.12407197012786705	-0.1256745436960748	0.0	0.0	-1
16046000	0	1	1	0	0	0	0	0	1	0	-0.139356397864917	-0.18544664439771352	-0.035757731329349035	-0.0813635196461024	-0.029832497143765693	-0.08899010706832344	-0.10799692700268525	-0.10065584563446912	-0.09260269824209634	-0.12407197012786705	-0.1256745436960748	0.0	0.0	-1
13539000	0	1	1	0	0	0	0	0	1	0	-0.139356397864917	-0.18544664439771352	-0.035757731329349035	-0.0813635196461024	-0.029832497143765693	-0.08899010706832344	-0.10799692700268525	-0.10065584563446912	-0.09260269824209634	-0.12407197012786705	-0.1256745436960748	0.0	0.0	-1
11079000	0	1	1	0	0	0	0	0	1	0	-0.139356397864917	-0.18544664439771352	-0.035757731329349035	-0.0813635196461024	-0.029832497143765693	-0.08899010706832344	-0.10799692700268525	-0.10065584563446912	-0.09260269824209634	-0.12407197012786705	-0.1256745436960748	0.0	0.0	-1
17803000	0	1	1	0	0	0	0	0	1	0	-0.139356397864917	-0.18544664439771352	-0.035757731329349035	-0.0813635196461024	-0.029832497143765693	-0.08899010706832344	-0.10799692700268525	-0.10065584563446912	-0.09260269824209634	-0.12407197012786705	-0.1256745436960748	0.0	0.0	-1
10931000	0	1	1	0	0	0	0	0	1	0	-0.139356397864917	-0.18544664439771352	-0.035757731329349035	-0.0813635196461024	-0.029832497143765693	-0.08899010706832344	-0.10799692700268525	-0.10065584563446912	-0.09260269824209634	-0.12407197012786705	-0.1256745436960748	0.0	0.0	-1
16143000	0	1	1	0	0	0	0	0	1	0	-0.139356397864917	-0.18544664439771352	-0.035757731329349035	-0.0813635196461024	-0.029832497143765693	-0.08899010706832344	-0.10799692700268525	-0.10065584563446912	-0.09260269824209634	-0.12407197012786705	-0.1256745436960748	0.0	0.0	-1
18382000	1	0	1	0	0	0	0	0	1	0	-0.139356397864917	0.4657889206388932	-0.035757731329349035	-0.0813635196461024	-0.029832497143765693	-0.08899010706832344	-0.10799692700268525	-0.10065584563446912	-0.09260269824209634	0.5674289514458422	-0.1256745436960748	0.0	0.0	-1
19458000	0	1	1	0	0	0	0	0	1	0	-0.139356397864917	-0.18544664439771352	-0.035757731329349035	-0.0813635196461024	-0.029832497143765693	-0.08899010706832344	-0.10799692700268525	-0.10065584563446912	-0.09260269824209634	-0.12407197012786705	-0.1256745436960748	0.0	0.0	-1
16139000	0	1	1	0	0	0	0	0	1	0	-0.139356397864917	-0.18544664439771352	-0.035757731329349035	-0.0813635196461024	-0.029832497143765693	-0.08899010706832344	-0.10799692700268525	-0.10065584563446912	-0.09260269824209634	-0.12407197012786705	-0.1256745436960748	0.0	0.0	-1
14121000	0	1	1	0	0	0	0	0	1	0	-0.139356397864917	-0.18544664439771352	-0.035757731329349035	-0.0813635196461024	-0.029832497143765693	-0.08899010706832344	-0.10799692700268525	-0.10065584563446912	-0.09260269824209634	-0.12407197012786705	-0.1256745436960748	0.0	0.0	-1
15042000	0	1	0	1	0	0	0	0	0	1	-0.139356397864917	-0.18544664439771352	-0.035757731329349035	-0.0813635196461024	-0.029832497143765693	-0.08899010706832344	-0.10799692700268525	-0.10065584563446912	-0.09260269824209634	-0.12407197012786705	-0.1256745436960748	0.0	0.0	-1
13747000	0	1	1	0	0	0	0	0	1	0	-0.139356397864917	-0.18544664439771352	-0.035757731329349035	-0.0813635196461024	-0.029832497143765693	-0.08899010706832344	-0.10799692700268525	-0.10065584563446912	-0.09260269824209634	-0.12407197012786705	-0.1256745436960748	0.0	0.0	-1
17066000	0	1	1	0	0	0	0	0	1	0	-0.139356397864917	-0.18544664439771352	-0.035757731329349035	-0.0813635196461024	-0.029832497143765693	-0.08899010706832344	-0.10799692700268525	-0.10065584563446912	-0.09260269824209634	-0.12407197012786705	-0.1256745436960748	0.0	0.0	-1
15946000	0	1	1	0	0	0	0	0	1	0	-0.139356397864917	-0.18544664439771352	-0.035757731329349035	-0.0813635196461024	-0.029832497143765693	-0.08899010706832344	-0.10799692700268525	-0.10065584563446912	-0.09260269824209634	-0.12407197012786705	-0.1256745436960748	0.0	0.0	-1
14131000	1	0	1	0	0	0	0	0	1	0	-0.139356397864917	-0.18544664439771352	-0.035757731329349035	-0.0813635196461024	-0.029832497143765693	-0.08899010706832344	-0.10799692700268525	-0.10065584563446912	-0.09260269824209634	-0.12407197012786705	-0.1256745436960748	0.0	0.0	-1
18246000	0	1	1	0	0	0	0	0	1	0	-0.139356397864917	-0.18544664439771352	-0.035757731329349035	-0.0813635196461024	-0.029832497143765693	-0.08899010706832344	-0.10799692700268525	-0.10065584563446912	-0.09260269824209634	-0.12407197012786705	-0.1256745436960748	0.0	0.0	-1
10447000	0	1	1	0	0	0	0	0	1	0	-0.139356397864917	-0.18544664439771352	-0.035757731329349035	-0.0813635196461024	-0.029832497143765693	-0.08899010706832344	-0.10799692700268525	-0.10065584563446912	-0.09260269824209634	-0.12407197012786705	-0.1256745436960748	0.0	0.0	-1
17325000	0	1	1	0	0	0	0	0	1	0	-0.139356397864917	-0.18544664439771352	-0.035757731329349035	-0.0813635196461024	-0.029832497143765693	-0.08899010706832344	-0.10799692700268525	-0.10065584563446912	-0.09260269824209634	-0.12407197012786705	-0.1256745436960748	0.0	0.0	-1
18958000	0	1	1	0	0	0	0	0	1	0	-0.139356397864917	-0.18544664439771352	-0.035757731329349035	-0.0813635196461024	-0.029832497143765693	-0.08899010706832344	-0.10799692700268525	-0.10065584563446912	-0.09260269824209634	-0.12407197012786705	-0.1256745436960748	0.0	0.0	-1
10891000	0	1	1	0	0	0	0	0	1	0	-0.139356397864917	-0.18544664439771352	-0.035757731329349035	-0.0813635196461024	-0.029832497143765693	-0.08899010706832344	-0.10799692700268525	-0.10065584563446912	-0.09260269824209634	-0.12407197012786705	-0.1256745436960748	0.0	0.0	-1
11648000	0	1	1	0	0	0	0	0	1	0	-0.139356397864917	-0.18544664439771352	-0.035757731329349035	-0.0813635196461024	-0.029832497143765693	-0.08899010706832344	-0.10799692700268525	-0.10065584563446912	-0.09260269824209634	-0.12407197012786705	-0.1256745436960748	0.0	0.0	-1
17150000	0	1	1	0	0	0	0	0	1	0	-0.139356397864917	-0.18544664439771352	-0.035757731329349035	-0.0813635196461024	-0.029832497143765693	-0.08899010706832344	-0.10799692700268525	-0.10065584563446912	-0.09260269824209634	-0.12407197012786705	-0.1256745436960748	0.0	0.0	-1
12077000	0	1	1	0	0	0	0	0	1	0	-0.139356397864917	-0.18544664439771352	-0.035757731329349035	-0.0813635196461024	-0.029832497143765693	-0.08899010706832344	-0.10799692700268525	-0.10065584563446912	-0.09260269824209634	-0.12407197012786705	-0.1256745436960748	0.0	0.0	-1
17356000	0	1	1	0	0	0	0	0	1	0	-0.139356397864917	-0.18544664439771352	-0.035757731329349035	-0.0813635196461024	-0.029832497143765693	-0.08899010706832344	-0.10799692700268525	-0.10065584563446912	-0.09260269824209634	-0.12407197012786705	-0.1256745436960748	0.0	0.0	-1
16023000	0	1	1	0	0	0	0	0	1	0	-0.139356397864917	-0.18544664439771352	-0.035757731329349035	-0.0813635196461024	-0.029832497143765693	-0.08899010706832344	-0.10799692700268525	-0.10065584563446912	-0.09260269824209634	-0.12407197012786705	-0.1256745436960748	0.0	0.0	-1
17443000	0	1	1	0	0	0	0	0	1	0	-0.139356397864917	-0.18544664439771352	-0.035757731329349035	-0.0813635196461024	-0.029832497143765693	-0.08899010706832344	-0.10799692700268525	-0.10065584563446912	-0.09260269824209634	-0.12407197012786705	-0.1256745436960748	0.0	0.0	-1
19450000	0	1	1	0	0	0	0	0	0	1	-0.139356397864917	-0.18544664439771352	-0.035757731329349035	-0.0813635196461024	-0.029832497143765693	-0.08899010706832344	-0.10799692700268525	-0.10065584563446912	-0.09260269824209634	-0.12407197012786705	-0.1256745436960748	0.0	0.0	-1
17903000	0	1	1	0	0	0	0	0	1	0	-0.139356397864917	-0.18544664439771352	-0.035757731329349035	-0.0813635196461024	-0.029832497143765693	-0.08899010706832344	-0.10799692700268525	-0.10065584563446912	-0.09260269824209634	-0.12407197012786705	-0.1256745436960748	0.0	0.0	-1
16223000	0	1	1	0	0	0	0	0	1	0	-0.139356397864917	-0.18544664439771352	-0.035757731329349035	-0.0813635196461024	-0.029832497143765693	-0.08899010706832344	-0.10799692700268525	-0.10065584563446912	-0.09260269824209634	-0.12407197012786705	-0.1256745436960748	0.0	0.0	-1
19196000	0	1	1	0	0	0	0	0	1	0	-0.139356397864917	-0.18544664439771352	-0.035757731329349035	-0.0813635196461024	-0.029832497143765693	-0.08899010706832344	-0.10799692700268525	-0.10065584563446912	-0.09260269824209634	-0.12407197012786705	-0.1256745436960748	0.0	0.0	-1
12172000	0	1	1	0	0	0	0	0	0	1	-0.139356397864917	0.14017113812058984	-0.035757731329349035	-0.0813635196461024	-0.029832497143765693	-0.08899010706832344	-0.10799692700268525	-0.10065584563446912	0.31565192187166585	-0.12407197012786705	-0.1256745436960748	0.0	0.0	-1
12046000	0	1	1	0	0	0	0	0	1	0	-0.139356397864917	-0.18544664439771352	-0.035757731329349035	-0.0813635196461024	-0.029832497143765693	-0.08899010706832344	-0.10799692700268525	-0.10065584563446912	-0.09260269824209634	-0.12407197012786705	-0.1256745436960748	0.0	0.0	-1
16009000	1	0	1	0	0	0	0	0	1	0	-0.139356397864917	-0.18544664439771352	-0.035757731329349035	-0.0813635196461024	-0.029832497143765693	-0.08899010706832344	-0.10799692700268525	-0.10065584563446912	-0.09260269824209634	-0.12407197012786705	-0.1256745436960748	0.0	0.0	-1
13803000	0	1	1	0	0	0	0	0	1	0	-0.139356397864917	-0.18544664439771352	-0.035757731329349035	-0.0813635196461024	-0.029832497143765693	-0.08899010706832344	-0.10799692700268525	-0.10065584563446912	-0.09260269824209634	-0.12407197012786705	-0.1256745436960748	0.0	0.0	-1
16047000	0	1	1	0	0	0	0	0	1	0	-0.139356397864917	-0.18544664439771352	-0.035757731329349035	-0.0813635196461024	-0.029832497143765693	-0.08899010706832344	-0.10799692700268525	-0.10065584563446912	-0.09260269824209634	-0.12407197012786705	-0.1256745436960748	0.0	0.0	-1
17839000	0	1	1	0	0	0	0	0	1	0	-0.139356397864917	-0.18544664439771352	-0.035757731329349035	-0.0813635196461024	-0.029832497143765693	-0.08899010706832344	-0.10799692700268525	-0.10065584563446912	-0.09260269824209634	-0.12407197012786705	-0.1256745436960748	0.0	0.0	-1
10558000	0	1	1	0	0	0	0	0	1	0	-0.139356397864917	-0.18544664439771352	-0.035757731329349035	-0.0813635196461024	-0.029832497143765693	-0.08899010706832344	-0.10799692700268525	-0.10065584563446912	-0.09260269824209634	-0.12407197012786705	-0.1256745436960748	0.0	0.0	-1
16393000	1	0	1	0	0	0	0	0	1	0	-0.139356397864917	-0.18544664439771352	-0.035757731329349035	-0.0813635196461024	-0.029832497143765693	-0.08899010706832344	-0.10799692700268525	-0.10065584563446912	-0.09260269824209634	-0.12407197012786705	-0.1256745436960748	0.0	0.0	-1
10303000	0	1	1	0	0	0	0	0	1	0	-0.139356397864917	-0.18544664439771352	-0.035757731329349035	-0.0813635196461024	-0.029832497143765693	-0.08899010706832344	-0.10799692700268525	-0.10065584563446912	-0.09260269824209634	-0.12407197012786705	-0.1256745436960748	0.0	0.0	-1
15113000	0	1	1	0	0	0	0	0	1	0	-0.139356397864917	-0.18544664439771352	-0.035757731329349035	-0.0813635196461024	-0.029832497143765693	-0.08899010706832344	-0.10799692700268525	-0.10065584563446912	-0.09260269824209634	-0.12407197012786705	-0.1256745436960748	0.0	0.0	-1
13083000	0	1	1	0	0	0	0	0	1	0	-0.139356397864917	-0.18544664439771352	-0.035757731329349035	-0.0813635196461024	-0.029832497143765693	-0.08899010706832344	-0.10799692700268525	-0.10065584563446912	-0.09260269824209634	-0.12407197012786705	-0.1256745436960748	0.0	0.0	-1
17571000	0	1	1	0	0	0	0	0	1	0	-0.139356397864917	-0.18544664439771352	-0.035757731329349035	-0.0813635196461024	-0.029832497143765693	-0.08899010706832344	-0.10799692700268525	-0.10065584563446912	-0.09260269824209634	-0.12407197012786705	-0.1256745436960748	0.0	0.0	-1
18077000	0	1	1	0	0	0	0	0	1	0	-0.139356397864917	-0.18544664439771352	-0.035757731329349035	-0.0813635196461024	-0.029832497143765693	-0.08899010706832344	-0.10799692700268525	-0.10065584563446912	-0.09260269824209634	-0.12407197012786705	-0.1256745436960748	0.0	0.0	-1
15803000	0	1	1	0	0	0	0	0	1	0	-0.139356397864917	-0.18544664439771352	-0.035757731329349035	-0.0813635196461024	-0.029832497143765693	-0.08899010706832344	-0.10799692700268525	-0.10065584563446912	-0.09260269824209634	-0.12407197012786705	-0.1256745436960748	0.0	0.0	-1
17082000	0	1	1	0	0	0	0	0	0	1	-0.139356397864917	-0.18544664439771352	-0.035757731329349035	-0.0813635196461024	-0.029832497143765693	-0.08899010706832344	-0.10799692700268525	-0.10065584563446912	-0.09260269824209634	-0.12407197012786705	-0.1256745436960748	0.0	0.0	-1
17057000	0	1	1	0	0	0	0	0	1	0	-0.139356397864917	-0.18544664439771352	-0.035757731329349035	-0.0813635196461024	-0.029832497143765693	-0.08899010706832344	-0.10799692700268525	-0.10065584563446912	-0.09260269824209634	-0.12407197012786705	-0.1256745436960748	0.0	0.0	-1
19887000	0	1	0	1	0	0	0	0	1	0	-0.139356397864917	-0.18544664439771352	-0.035757731329349035	-0.0813635196461024	-0.029832497143765693	-0.08899010706832344	-0.10799692700268525	-0.10065584563446912	-0.09260269824209634	-0.12407197012786705	-0.1256745436960748	0.0	0.0	-1
18582000	0	1	0	1	0	0	0	0	0	1	-0.139356397864917	3.07073118078532	-0.035757731329349035	-0.0813635196461024	-0.029832497143765693	-0.08899010706832344	-0.10799692700268525	-0.10065584563446912	-0.09260269824209634	-0.12407197012786705	5.573706036660948	0.0	0.0	-1
17117000	0	1	1	0	0	0	0	0	1	0	-0.139356397864917	-0.18544664439771352	-0.035757731329349035	-0.0813635196461024	-0.029832497143765693	-0.08899010706832344	-0.10799692700268525	-0.10065584563446912	-0.09260269824209634	-0.12407197012786705	-0.1256745436960748	0.0	0.0	-1
15927000	0	1	1	0	0	0	0	0	1	0	-0.139356397864917	-0.18544664439771352	-0.035757731329349035	-0.0813635196461024	-0.029832497143765693	-0.08899010706832344	-0.10799692700268525	-0.10065584563446912	-0.09260269824209634	-0.12407197012786705	-0.1256745436960748	0.0	0.0	-1
17773000	0	1	1	0	0	0	0	0	1	0	-0.139356397864917	-0.18544664439771352	-0.035757731329349035	-0.0813635196461024	-0.029832497143765693	-0.08899010706832344	-0.10799692700268525	-0.10065584563446912	-0.09260269824209634	-0.12407197012786705	-0.1256745436960748	0.0	0.0	-1
10877000	0	1	1	0	0	0	0	0	1	0	-0.139356397864917	-0.18544664439771352	-0.035757731329349035	-0.0813635196461024	-0.029832497143765693	-0.08899010706832344	-0.10799692700268525	-0.10065584563446912	-0.09260269824209634	-0.12407197012786705	-0.1256745436960748	0.0	0.0	-1
17358000	0	1	1	0	0	0	0	0	1	0	-0.139356397864917	-0.18544664439771352	-0.035757731329349035	-0.0813635196461024	-0.029832497143765693	-0.08899010706832344	-0.10799692700268525	-0.10065584563446912	-0.09260269824209634	-0.12407197012786705	-0.1256745436960748	0.0	0.0	-1
18347000	0	1	1	0	0	0	0	0	1	0	-0.139356397864917	-0.18544664439771352	-0.035757731329349035	-0.0813635196461024	-0.029832497143765693	-0.08899010706832344	-0.10799692700268525	-0.10065584563446912	-0.09260269824209634	-0.12407197012786705	-0.1256745436960748	0.0	0.0	-1
14023000	0	1	1	0	0	0	0	0	1	0	-0.139356397864917	-0.18544664439771352	-0.035757731329349035	-0.0813635196461024	-0.029832497143765693	-0.08899010706832344	-0.10799692700268525	-0.10065584563446912	-0.09260269824209634	-0.12407197012786705	-0.1256745436960748	0.0	0.0	-1
14601000	0	1	1	0	0	0	0	0	1	0	-0.139356397864917	-0.18544664439771352	-0.035757731329349035	-0.0813635196461024	-0.029832497143765693	-0.08899010706832344	-0.10799692700268525	-0.10065584563446912	-0.09260269824209634	-0.12407197012786705	-0.1256745436960748	0.0	0.0	-1
11561000	0	1	1	0	0	0	0	0	1	0	-0.139356397864917	-0.18544664439771352	-0.035757731329349035	-0.0813635196461024	-0.029832497143765693	-0.08899010706832344	-0.10799692700268525	-0.10065584563446912	-0.09260269824209634	-0.12407197012786705	-0.1256745436960748	0.0	0.0	-1
10913000	0	1	1	0	0	0	0	0	1	0	-0.139356397864917	-0.18544664439771352	-0.035757731329349035	-0.0813635196461024	-0.029832497143765693	-0.08899010706832344	-0.10799692700268525	-0.10065584563446912	-0.09260269824209634	-0.12407197012786705	-0.1256745436960748	0.0	0.0	-1
12177000	0	1	1	0	0	0	0	0	1	0	-0.139356397864917	-0.18544664439771352	-0.035757731329349035	-0.0813635196461024	-0.029832497143765693	-0.08899010706832344	-0.10799692700268525	-0.10065584563446912	-0.09260269824209634	-0.12407197012786705	-0.1256745436960748	0.0	0.0	-1
11376000	0	1	1	0	0	0	0	0	1	0	-0.139356397864917	-0.18544664439771352	-0.035757731329349035	-0.0813635196461024	-0.029832497143765693	-0.08899010706832344	-0.10799692700268525	-0.10065584563446912	-0.09260269824209634	-0.12407197012786705	-0.1256745436960748	0.0	0.0	-1
16166000	0	1	1	0	0	0	0	0	1	0	-0.139356397864917	-0.18544664439771352	-0.035757731329349035	-0.0813635196461024	-0.029832497143765693	-0.08899010706832344	-0.10799692700268525	-0.10065584563446912	-0.09260269824209634	-0.12407197012786705	-0.1256745436960748	0.0	0.0	-1
13279000	0	1	1	0	0	0	0	0	1	0	-0.139356397864917	-0.18544664439771352	-0.035757731329349035	-0.0813635196461024	-0.029832497143765693	-0.08899010706832344	-0.10799692700268525	-0.10065584563446912	-0.09260269824209634	-0.12407197012786705	-0.1256745436960748	0.0	0.0	-1
19493000	0	1	1	0	0	0	0	0	1	0	-0.139356397864917	-0.18544664439771352	-0.035757731329349035	-0.0813635196461024	-0.029832497143765693	-0.08899010706832344	-0.10799692700268525	-0.10065584563446912	-0.09260269824209634	-0.12407197012786705	-0.1256745436960748	0.0	0.0	-1
11639000	1	0	1	0	0	0	0	0	1	0	-0.139356397864917	-0.18544664439771352	-0.035757731329349035	-0.0813635196461024	-0.029832497143765693	-0.08899010706832344	-0.10799692700268525	-0.10065584563446912	-0.09260269824209634	-0.12407197012786705	-0.1256745436960748	0.0	0.0	-1
18547000	0	1	1	0	0	0	0	0	1	0	-0.139356397864917	-0.18544664439771352	-0.035757731329349035	-0.0813635196461024	-0.029832497143765693	-0.08899010706832344	-0.10799692700268525	-0.10065584563446912	-0.09260269824209634	-0.12407197012786705	-0.1256745436960748	0.0	0.0	-1
15473000	0	1	1	0	0	0	0	0	1	0	-0.139356397864917	-0.18544664439771352	-0.035757731329349035	-0.0813635196461024	-0.029832497143765693	-0.08899010706832344	-0.10799692700268525	-0.10065584563446912	-0.09260269824209634	-0.12407197012786705	-0.1256745436960748	0.0	0.0	-1
10072000	0	1	1	0	0	0	0	0	0	1	-0.139356397864917	0.14017113812058984	-0.035757731329349035	-0.0813635196461024	-0.029832497143765693	-0.08899010706832344	-0.10799692700268525	-0.10065584563446912	0.31565192187166585	-0.12407197012786705	-0.1256745436960748	0.0	0.0	-1
13549000	0	1	1	0	0	0	0	0	1	0	-0.139356397864917	-0.18544664439771352	-0.035757731329349035	-0.0813635196461024	-0.029832497143765693	-0.08899010706832344	-0.10799692700268525	-0.10065584563446912	-0.09260269824209634	-0.12407197012786705	-0.1256745436960748	0.0	0.0	-1
16593000	0	1	1	0	0	0	0	0	1	0	-0.139356397864917	-0.18544664439771352	-0.035757731329349035	-0.0813635196461024	-0.029832497143765693	-0.08899010706832344	-0.10799692700268525	-0.10065584563446912	-0.09260269824209634	-0.12407197012786705	-0.1256745436960748	0.0	0.0	-1
14323000	0	1	1	0	0	0	0	0	1	0	-0.139356397864917	-0.18544664439771352	-0.035757731329349035	-0.0813635196461024	-0.029832497143765693	-0.08899010706832344	-0.10799692700268525	-0.10065584563446912	-0.09260269824209634	-0.12407197012786705	-0.1256745436960748	0.0	0.0	-1
13061000	0	1	1	0	0	0	0	0	1	0	-0.139356397864917	-0.18544664439771352	-0.035757731329349035	-0.0813635196461024	-0.029832497143765693	-0.08899010706832344	-0.10799692700268525	-0.10065584563446912	-0.09260269824209634	-0.12407197012786705	-0.1256745436960748	0.0	0.0	-1
16225000	0	1	1	0	0	0	0	0	1	0	-0.139356397864917	-0.18544664439771352	-0.035757731329349035	-0.0813635196461024	-0.029832497143765693	-0.08899010706832344	-0.10799692700268525	-0.10065584563446912	-0.09260269824209634	-0.12407197012786705	-0.1256745436960748	0.0	0.0	-1
18803000	0	1	1	0	0	0	0	0	1	0	-0.139356397864917	-0.18544664439771352	-0.035757731329349035	-0.0813635196461024	-0.029832497143765693	-0.08899010706832344	-0.10799692700268525	-0.10065584563446912	-0.09260269824209634	-0.12407197012786705	-0.1256745436960748	0.0	0.0	-1
13966000	0	1	1	0	0	0	0	0	1	0	-0.139356397864917	-0.18544664439771352	-0.035757731329349035	-0.0813635196461024	-0.029832497143765693	-0.08899010706832344	-0.10799692700268525	-0.10065584563446912	-0.09260269824209634	-0.12407197012786705	-0.1256745436960748	0.0	0.0	-1
16417000	0	1	1	0	0	0	0	0	1	0	-0.139356397864917	-0.18544664439771352	-0.035757731329349035	-0.0813635196461024	-0.029832497143765693	-0.08899010706832344	-0.10799692700268525	-0.10065584563446912	-0.09260269824209634	-0.12407197012786705	-0.1256745436960748	0.0	0.0	-1
12428000	1	0	1	0	0	0	0	0	1	0	-0.139356397864917	-0.18544664439771352	-0.035757731329349035	-0.0813635196461024	-0.029832497143765693	-0.08899010706832344	-0.10799692700268525	-0.10065584563446912	-0.09260269824209634	-0.12407197012786705	-0.1256745436960748	0.0	0.0	-1
11950000	0	1	1	0	0	0	0	0	1	0	-0.139356397864917	-0.18544664439771352	-0.035757731329349035	-0.0813635196461024	-0.029832497143765693	-0.08899010706832344	-0.10799692700268525	-0.10065584563446912	-0.09260269824209634	-0.12407197012786705	-0.1256745436960748	0.0	0.0	-1
12481000	1	0	1	0	0	0	0	0	1	0	-0.139356397864917	0.4657889206388932	-0.035757731329349035	-0.0813635196461024	-0.029832497143765693	-0.08899010706832344	0.9453429637632311	-0.10065584563446912	-0.09260269824209634	-0.12407197012786705	-0.1256745436960748	0.0	0.0	-1
11939000	0	1	1	0	0	0	0	0	1	0	-0.139356397864917	-0.18544664439771352	-0.035757731329349035	-0.0813635196461024	-0.029832497143765693	-0.08899010706832344	-0.10799692700268525	-0.10065584563446912	-0.09260269824209634	-0.12407197012786705	-0.1256745436960748	0.0	0.0	-1
10227000	0	1	1	0	0	0	0	1	0	0	-0.139356397864917	-0.18544664439771352	-0.035757731329349035	-0.0813635196461024	-0.029832497143765693	-0.08899010706832344	-0.10799692700268525	-0.10065584563446912	-0.09260269824209634	-0.12407197012786705	-0.1256745436960748	0.0	0.0	-1
15369000	0	1	1	0	0	0	0	0	1	0	-0.139356397864917	-0.18544664439771352	-0.035757731329349035	-0.0813635196461024	-0.029832497143765693	-0.08899010706832344	-0.10799692700268525	-0.10065584563446912	-0.09260269824209634	-0.12407197012786705	-0.1256745436960748	0.0	0.0	-1
16467000	0	1	1	0	0	0	0	0	1	0	-0.139356397864917	-0.18544664439771352	-0.035757731329349035	-0.0813635196461024	-0.029832497143765693	-0.08899010706832344	-0.10799692700268525	-0.10065584563446912	-0.09260269824209634	-0.12407197012786705	-0.1256745436960748	0.0	0.0	-1
15841000	0	1	1	0	0	0	0	0	1	0	-0.139356397864917	-0.18544664439771352	-0.035757731329349035	-0.0813635196461024	-0.029832497143765693	-0.08899010706832344	-0.10799692700268525	-0.10065584563446912	-0.09260269824209634	-0.12407197012786705	-0.1256745436960748	0.0	0.0	-1
13531000	0	1	1	0	0	0	0	0	1	0	-0.139356397864917	-0.18544664439771352	-0.035757731329349035	-0.0813635196461024	-0.029832497143765693	-0.08899010706832344	-0.10799692700268525	-0.10065584563446912	-0.09260269824209634	-0.12407197012786705	-0.1256745436960748	0.0	0.0	-1
13923000	0	1	1	0	0	0	0	0	1	0	-0.139356397864917	-0.18544664439771352	-0.035757731329349035	-0.0813635196461024	-0.029832497143765693	-0.08899010706832344	-0.10799692700268525	-0.10065584563446912	-0.09260269824209634	-0.12407197012786705	-0.1256745436960748	0.0	0.0	-1
18072000	0	1	1	0	0	0	0	0	0	1	-0.139356397864917	-0.18544664439771352	-0.035757731329349035	-0.0813635196461024	-0.029832497143765693	-0.08899010706832344	-0.10799692700268525	-0.10065584563446912	-0.09260269824209634	-0.12407197012786705	-0.1256745436960748	0.0	0.0	-1
11636000	0	1	1	0	0	0	0	0	1	0	-0.139356397864917	-0.18544664439771352	-0.035757731329349035	-0.0813635196461024	-0.029832497143765693	-0.08899010706832344	-0.10799692700268525	-0.10065584563446912	-0.09260269824209634	-0.12407197012786705	-0.1256745436960748	0.0	0.0	-1
14803000	0	1	1	0	0	0	0	0	1	0	-0.139356397864917	-0.18544664439771352	-0.035757731329349035	-0.0813635196461024	-0.029832497143765693	-0.08899010706832344	-0.10799692700268525	-0.10065584563446912	-0.09260269824209634	-0.12407197012786705	-0.1256745436960748	0.0	0.0	-1
17349000	0	1	1	0	0	0	0	0	1	0	-0.139356397864917	-0.18544664439771352	-0.035757731329349035	-0.0813635196461024	-0.029832497143765693	-0.08899010706832344	-0.10799692700268525	-0.10065584563446912	-0.09260269824209634	-0.12407197012786705	-0.1256745436960748	0.0	0.0	-1
19349000	0	1	1	0	0	0	0	0	1	0	-0.139356397864917	-0.18544664439771352	-0.035757731329349035	-0.0813635196461024	-0.029832497143765693	-0.08899010706832344	-0.10799692700268525	-0.10065584563446912	-0.09260269824209634	-0.12407197012786705	-0.1256745436960748	0.0	0.0	-1
16086000	0	1	1	0	0	0	0	0	1	0	-0.139356397864917	-0.18544664439771352	-0.035757731329349035	-0.0813635196461024	-0.029832497143765693	-0.08899010706832344	-0.10799692700268525	-0.10065584563446912	-0.09260269824209634	-0.12407197012786705	-0.1256745436960748	0.0	0.0	-1
12666000	0	1	1	0	0	0	0	0	1	0	-0.139356397864917	-0.18544664439771352	-0.035757731329349035	-0.0813635196461024	-0.029832497143765693	-0.08899010706832344	-0.10799692700268525	-0.10065584563446912	-0.09260269824209634	-0.12407197012786705	-0.1256745436960748	0.0	0.0	-1
12939000	0	1	1	0	0	0	0	0	1	0	-0.139356397864917	-0.18544664439771352	-0.035757731329349035	-0.0813635196461024	-0.029832497143765693	-0.08899010706832344	-0.10799692700268525	-0.10065584563446912	-0.09260269824209634	-0.12407197012786705	-0.1256745436960748	0.0	0.0	-1
12181000	0	1	1	0	0	0	0	0	1	0	-0.139356397864917	-0.18544664439771352	-0.035757731329349035	-0.0813635196461024	-0.029832497143765693	-0.08899010706832344	-0.10799692700268525	-0.10065584563446912	-0.09260269824209634	-0.12407197012786705	-0.1256745436960748	0.0	0.0	-1
17161000	1	0	1	0	0	0	0	0	1	0	-0.139356397864917	-0.18544664439771352	0.11849980200662542	-0.0813635196461024	-0.029832497143765693	5.092946833891596	-0.10799692700268525	-0.10065584563446912	-0.09260269824209634	-0.12407197012786705	-0.1256745436960748	0.0	0.0	-1
